2.0 : (0,0.0);
(1,1.0416666666666667);
(2,0.2604166666666667);
(3,66.40625);
(4,32.291666666666664)



4.0 : (0,0.0);
(1,2.2212729602733874);
(2,0.042716787697565144);
(3,91.11490815890645);
(4,6.621102093122597)



0.0 : (0,0.0);
(1,1.8922511533348971);
(2,0.02345765892563922);
(3,87.73164438189069);
(4,10.352646805848776)


3.0 : (0,0.0);
(1,2.0172910662824206);
(2,0.0);
(3,94.52449567723343);
(4,3.4582132564841497)



1.0 : (0,0.0);
(1,1.639344262295082);
(2,0.0);
(3,62.704918032786885);
(4,35.65573770491803)
(3.0,0.0)
(3.0,3.0)
(3.0,1.0)
(3.0,4.0)
(3.0,2.0)
[ Decision Tree Model ]
-----------------------------------------------------------
Accuracy:0.2
Confusion Matrix:
0.0  0.0  0.0  1.0  0.0  
0.0  0.0  0.0  1.0  0.0  
0.0  0.0  0.0  1.0  0.0  
0.0  0.0  0.0  1.0  0.0  
0.0  0.0  0.0  1.0  0.0  
-----------------------------------------------------------

Process finished with exit code 0