2.0 : (0,0.0);
(1,0.0);
(2,0.2604166666666667);
(3,96.61458333333333);
(4,3.125)



4.0 : (0,0.0);
(1,0.0);
(2,0.0);
(3,99.91456642460487);
(4,0.08543357539513029)



0.0 : (0,0.0);
(1,0.16420361247947454);
(2,0.0);
(3,99.3040894518727);
(4,0.5317069356478223)



3.0 : (0,0.0);
(1,0.11527377521613832);
(2,0.0);
(3,99.53890489913545);
(4,0.345821325648415)



1.0 : (0,0.0);
(1,0.0);
(2,0.0);
(3,97.3360655737705);
(4,2.6639344262295084)
(3.0,0.0)
(3.0,3.0)
(3.0,1.0)
(3.0,4.0)
(3.0,2.0)
[ Random Forest Model ]
-----------------------------------------------------------
Accuracy:0.2
Confusion Matrix:
0.0  0.0  0.0  1.0  0.0  
0.0  0.0  0.0  1.0  0.0  
0.0  0.0  0.0  1.0  0.0  
0.0  0.0  0.0  1.0  0.0  
0.0  0.0  0.0  1.0  0.0  
-----------------------------------------------------------

Process finished with exit code 0
